4 7 4569 12305 12697 720 7611 9682 9450 
4 4 10717 12361 1621 4569 
4 5 4569 4449 4540 7615 7797 
4 7 7797 7464 4510 10410 10449 1453 7552 
4 3 7552 7524 4464 
4 3 4464 7668 7480 
4 3 7480 10520 10352 
4 4 1453 1643 12313 1500 
4 2 1500 10337 
1 3 4569 12346 7586 
1 3 7586 4625 7797 
1 3 7586 10477 12489 
2 4 1453 1643 12401 6968 
1 5 12489 12458 7485 5001 6968 
1 4 6968 9829 2082 3960 
1 5 3960 7981 7836 6798 12782 
4 4 10337 12341 1927 12782 
1 4 10717 10333 1678 1770 
4 8 10717 4757 12513 1753 10532 4871 11772 1827 
1 4 10717 9802 4811 4740 
1 5 12489 12778 6803 8025 5103 
1 4 4740 10340 12624 2055 
1 4 5103 10798 10702 2055 
2 6 2055 9908 2102 10867 12720 10740 
3 4 7797 10615 10192 12735 
3 5 12735 7422 492 11942 10352 
4 5 10352 10380 12325 1433 12381 
4 4 12782 12728 4955 10740 
4 5 10740 12791 5044 4796 853 
4 5 853 8115 7986 12374 1562 
4 5 3878 6882 3863 11799 6845 
4 4 6845 6892 6984 3957 
4 8 6845 3824 822 3847 11758 11769 11789 11800 
4 3 11800 4442 6890 
4 11 6890 9825 3685 6710 11656 691 695 11641 9654 6713 9450 
4 3 6890 3853 6855 
4 6 6855 11760 11776 831 9796 1595 
4 6 1595 12437 11635 954 7831 4569 
1 10 10412 11841 9931 10439 10468 7643 7791 10657 8083 12501 
3 4 12501 10824 10615 7797 
2 4 12735 4594 9996 12384 
3 3 12381 1480 11975 
3 3 11975 1547 7202 
3 5 7202 10047 11927 1019 1132 
3 4 1132 11783 6943 788 
3 3 788 11738 10412 
4 4 10412 6846 873 3957 
1 4 7138 11927 1019 1132 
1 5 7138 4491 10495 7643 7791 
1 4 7791 10657 12568 1445 
1 3 1445 4527 1595 
4 5 3878 6911 9850 9832 6732 
3 2 12381 1572 
3 3 1572 1584 7388 
3 6 12381 1572 12439 866 10489 9834 
3 3 7388 12752 9834 
3 2 9834 1843 
1 4 7791 10909 5090 12384 
1 5 7202 3994 7118 638 12384 
3 5 6855 9760 971 10441 7588 
3 5 10412 3823 10343 7646 7588 
3 5 6890 882 3687 6707 11654 
3 7 11656 6710 9667 722 11695 3763 3775 
3 4 11654 749 3763 3775 
3 7 11654 734 3733 3702 6717 1436 9693 
3 3 9693 3806 9850 
1 2 9450 12357 
2 6 12357 12456 1760 4664 4807 1866 
1 6 1770 11788 12577 7536 9880 1866 
2 7 1866 6752 10618 12597 11667 4790 4872 
1 4 7644 7304 1424 4285 
1 7 4285 4342 1619 1338 12459 7462 3732 
1 4 3732 3712 3906 6732 
3 7 4285 634 7379 12291 1284 7433 12149 
3 4 12149 7291 9601 4345 
3 3 4345 1341 3778 
3 6 3778 3635 3608 605 6797 3775 
3 14 3778 3635 3661 9634 11602 9480 7366 12278 12582 602 777 10718 4775 7899 
3 5 7899 1769 4875 1873 4872 
3 6 4872 12145 3721 12593 12663 10611 
2 6 10611 4739 9669 6726 515 3010 
3 4 3706 10684 11440 10611 
3 6 3706 4765 4877 7853 1858 1408 
2 7 3010 6754 1347 4877 7853 1858 1408 
2 4 10717 10333 10676 12586 
1 4 12586 10595 10569 12620 
1 6 12586 7852 3855 3613 4749 4794 
1 6 4794 10711 13640 7688 7888 10582 
4 5 1827 3869 10535 4668 10582 
1 6 4860 12572 4857 7760 4610 4794 
1 6 1770 7458 7539 10478 11589 9450 
1 3 4740 7904 5103 
3 5 1408 4428 10157 7414 7315 
3 3 505 3644 610 
3 5 610 9730 6757 6745 9713 
3 3 9713 3678 9671 
3 5 986 3840 9637 3677 9671 
3 4 986 6881 11859 9814 
2 10 1562 12461 1892 12859 7964 8119 13646 12736 13645 13644 
2 6 10582 1663 7756 12134 10422 10159 
3 4 10159 11698 710 9713 
3 8 9713 6699 6694 6876 11763 941 10483 9814 
3 3 4510 4444 12489 
1 4 3706 7718 10593 4860 
1 5 12620 12667 1867 9880 1866 
3 5 12782 6987 6785 12369 5015 
3 5 5015 13612 13088 5021 4956 
3 4 4956 13608 7913 1965 
3 3 1965 13595 8089 
3 3 8089 13596 12810 
1 4 1965 13594 13601 10730 
1 3 1965 13602 4887 
1 3 4887 12755 2008 
1 3 2008 5052 13089 
1 3 2008 13606 13619 
1 3 13619 12804 7921 
1 3 7921 13615 10895 
1 5 10830 10916 8003 10853 7921 
1 4 10740 8097 13627 10830 
1 5 10830 4898 13628 8033 4908 
1 5 10895 8057 1945 4977 4908 
1 2 4908 10765 
1 4 10765 8012 3834 853 
2 3 12810 10889 13584 
1 3 13584 13591 1900 
2 4 1900 13589 13590 10886 
2 2 10886 12823 
1 5 10717 1564 10370 12463 7586 
1 2 13089 8032 
4 6 4799 7879 12573 10651 4865 10582 
2 10 7315 12214 10327 4747 12673 4778 3781 6742 7779 4860 
3 5 7315 7386 7442 10271 3513 
1 2 12211 3513 
3 5 3513 4328 12281 528 505 
3 8 505 11733 3471 6665 3588 766 9697 9713 
4 5 4799 4657 12303 7517 1562 
4 3 7517 11757 9814 
1 6 12782 2019 12811 13632 10746 13630 
1 5 13630 10738 13621 13620 13619 
2 9 10730 13600 12712 13597 13598 13643 13586 13587 1900 
1 5 853 7747 6897 7818 7999 
1 5 7999 9792 868 10588 1827 
1 3 12620 7862 1836 
1 3 12620 1875 1747 
1 4 4794 4723 7780 1827 
1 3 1747 7745 4794 
1 5 1836 10709 4759 12603 10611 
1 4 12364 10402 12394 10418 
1 4 12364 1555 4573 7621 
1 3 10418 12409 1639 
1 4 1639 1596 12998 10935 
1 5 10953 12349 10981 12494 1639 
1 3 650 10992 8215 
1 7 8215 5219 7550 10375 10390 12351 12364 
1 3 12364 12351 7500 
1 3 7500 10985 12942 
1 2 650 8222 
1 3 8222 12984 5121 
1 4 650 5191 8194 5228 
1 4 12994 5171 11000 5228 
1 6 12994 8231 8217 5131 13195 5230 
1 4 12942 11022 12978 8216 
1 3 7500 2172 12964 
1 8 10362 4457 12496 10502 12468 12440 8187 12964 
1 3 12964 2173 2152 
1 6 10447 4589 4604 1641 12481 10362 
1 7 2152 2194 11007 5110 1542 7594 10447 
1 4 5230 13195 10938 10924 
1 3 8252 5051 12798 
1 3 12798 7991 7936 
1 3 7936 10790 10747 
1 4 10912 8080 7968 8113 
1 6 8113 10855 5088 1997 12772 1944 
1 3 10747 2023 12790 
1 2 12790 8056 
1 3 8056 2085 1944 
1 10 4436 10447 12396 4548 10405 4533 8181 7553 5167 10513 
1 4 10513 10432 5172 10980 
1 4 10980 2185 8148 7476 
1 4 7476 10931 2218 8140 
1 4 8140 5115 10959 8189 
1 5 10980 8190 12996 2153 10999 
1 6 10999 8196 11002 10419 8197 10946 
1 5 10946 8143 10998 10939 5168 
1 6 5168 1446 10989 2175 8179 5107 
1 5 5230 2182 5166 2162 12997 
1 7 7622 10498 7451 10374 4476 7546 1550 
1 2 1550 7590 
1 3 12589 12547 4696 
1 7 12589 12692 4822 10697 5231 12648 12064 
1 4 4696 1833 7576 1468 
1 3 12064 1494 1468 
1 2 12064 10400 
1 2 12064 2171 
1 2 10697 1509 
1 5 1509 5203 7605 10963 2229 
1 2 2171 8245 
1 4 2123 2180 12950 10929 
1 3 10400 2213 8214 
1 5 10929 4851 1874 10525 8214 
1 3 5199 7872 1874 
1 2 5199 191 
1 3 10968 12925 5117 
1 2 8193 5117 
1 3 5210 5196 1939 
1 3 1939 5160 10860 
1 2 2196 8182 
1 4 2196 8183 5224 2206 
1 4 2206 11017 10932 4171 
1 3 12989 12929 10860 
1 2 12989 3854 
1 2 3854 4171 
1 2 5210 5224 
1 5 12991 2063 4995 10775 7980 
1 3 8124 12714 7980 
1 4 8124 5041 5097 5010 
1 4 1984 7944 5041 8124 
1 4 7011 12004 4073 12049 
1 6 12049 1155 11979 4161 4088 4206 
1 2 7011 10005 
1 2 7011 3996 
1 3 3996 7164 4076 
1 3 4076 4145 1071 
1 3 3996 10031 7144 
1 5 11999 1206 1028 1064 10097 
1 2 10097 12071 
1 4 7144 11974 1151 12071 
1 4 12725 7989 12796 4963 
1 4 11999 10844 8105 4963 
1 2 4963 12806 
1 2 12806 12862 
1 4 12806 10795 1914 12800 
1 2 12800 10877 
1 2 10877 2096 
1 2 4206 1086 
1 5 792 11919 1065 7107 4206 
1 2 792 4111 
1 4 4111 1108 10087 1088 
1 3 1088 7140 12473 
1 4 12473 3889 806 11746 
1 5 4111 4486 7001 1544 4574 
1 3 4574 4562 11976 
1 5 11976 12455 2027 10835 12758 
3 2 8085 2089 
3 4 2089 78 7977 2097 
2 5 2097 3795 8123 3916 10106 
1 9 11746 11810 10056 4124 7026 4008 4127 1122 1005 
1 5 11746 9830 869 9861 11747 
1 4 904 3905 6908 11747 
1 6 904 890 6871 11811 11829 9833 
1 2 6995 11881 
1 4 11747 6925 11792 940 
1 5 940 3788 784 12016 1005 
1 6 11747 804 3862 11826 933 11881 
1 5 11747 11784 6808 3951 3786 
1 6 3786 947 785 9921 928 4112 
1 7 4112 7130 10038 9941 10122 12096 1005 
1 2 3786 6871 
1 4 6935 7470 652 11853 
1 3 9932 6976 11853 
1 6 9823 7620 9860 9868 3979 9932 
1 5 6935 864 12476 10811 10106 
1 9 11969 7180 4129 1037 7005 11957 12039 1189 1149 
1 2 11969 9994 
1 4 12051 11953 1141 9943 
1 11 9994 4163 1160 7081 12051 10078 7065 4046 7166 11939 1145 
1 5 1145 9964 1013 11923 7132 
1 5 9945 10113 1194 10070 7069 
1 5 7069 1079 4084 12042 11987 
1 6 11987 4097 1111 989 4116 7132 
1 4 7069 10023 4139 4108 
1 3 12857 7203 4108 
1 3 8034 12900 8021 
1 3 2050 4952 8034 
1 2 6039 2080 
1 4 7908 4933 1152 11987 
1 5 5005 7953 1922 12756 2026 
1 3 2026 10922 10837 
1 5 10837 7969 4553 12793 1896 
1 3 10837 10385 7602 
1 3 12333 10510 7602 
3 10 12060 4086 1081 11977 7221 7125 12040 13234 11915 4052 
2 3 4052 10065 6928 
3 9 4052 9790 912 11835 9848 945 3839 3970 13525 
4 7 13525 836 892 964 3783 6851 1150 
4 5 13525 3895 11771 3849 846 
4 4 846 9831 930 4572 
3 3 1567 3913 4572 
3 6 957 6806 3944 6944 898 6822 
1 3 7523 7582 1645 
1 5 1567 946 9883 3929 9897 
1 6 4725 10655 13530 12678 4805 12189 
1 8 12189 10466 6686 664 6684 6989 3977 957 
1 5 7523 10503 12355 7670 5427 
1 7 7523 10433 10376 9928 12482 9766 3843 
2 4 1499 11903 11836 4572 
4 4 13525 9781 11764 13522 
4 4 13522 9835 13521 3900 
3 7 814 9873 3881 6852 9927 4514 1499 
1 5 814 881 13416 3955 9843 
4 4 9843 13415 9969 10068 
4 5 10068 12043 13418 1052 3900 
3 4 9843 13414 6904 13419 
3 3 13419 12432 13420 
3 3 13419 11752 13514 
3 11 13514 12403 7048 12448 4222 1723 1853 12612 7749 7752 4801 
3 5 4801 4862 10554 4766 7816 
3 5 13420 13422 7631 4525 13512 
2 7 13512 2087 13511 10629 8055 13450 10724 
3 5 13420 10507 13421 4469 1519 
4 7 10068 4137 11996 11980 1084 13403 1069 
4 6 1069 13399 13393 10043 12015 9956 
4 4 9956 4079 7094 10040 
4 5 10040 10017 1146 4148 11913 
4 6 11913 11982 10034 996 12052 7014 
4 5 4148 4001 1089 4091 11928 
4 4 7014 13236 4042 7191 
3 3 7191 1096 9974 
3 3 9974 10058 1168 
3 7 1168 4013 1055 4099 10069 4169 4196 
3 13 4196 1094 7027 11986 7071 10010 10093 9938 9978 7067 4050 1202 1047 
2 4 4205 10018 13396 10000 
2 3 1104 1200 13396 
3 8 10000 4157 13398 7089 4071 7055 13401 1069 
4 4 1029 1076 12055 9956 
4 13 9956 11973 7085 4010 7656 9958 13381 11931 13389 13379 6932 13440 7418 
2 9 7571 13434 13426 7074 4144 13405 7160 10072 1069 
2 5 7571 1575 13431 12713 7418 
3 5 1519 4174 1531 13433 7571 
1 9 1519 12344 10053 13411 7109 13412 12026 4140 9843 
1 5 1188 4058 12062 13425 12344 
4 12 9843 4140 12026 13412 7109 13410 13406 1188 4144 4114 13383 7656 
3 11 11931 1004 13382 7508 4519 7459 13374 13274 13275 13266 13264 
4 9 9958 10364 13372 13371 13370 10446 13277 13261 13256 
4 6 13256 13257 13258 9999 13249 7097 
4 6 13256 7167 9959 4203 7222 10040 
3 3 4185 4038 3992 
3 3 1083 11994 7222 
3 3 1083 7035 4185 
3 6 4185 7637 13253 1036 4619 13257 
1 2 13256 4619 
3 5 4185 1153 11937 1099 11913 
2 8 3992 9984 11961 1066 9944 10086 11991 7191 
1 3 1125 10014 7191 
3 3 10034 10101 7191 
3 4 1099 1171 4105 10101 
3 6 3992 4083 1053 12030 10112 9942 
3 5 9942 11945 1162 4207 1202 
4 6 7097 13143 4125 12350 7159 9982 
4 6 9982 13237 12014 10080 12095 1047 
2 5 7097 1640 12495 7653 3992 
1 9 9942 10112 4081 4053 1006 7099 12084 10010 7071 
3 4 4196 4169 4070 1066 
4 2 1202 7108 
1 2 1047 7108 
4 3 1047 7152 4189 
3 2 7152 13240 
3 5 7095 12023 7210 4092 13240 
3 4 7095 4028 1597 7137 
3 4 7137 10004 4121 9948 
2 3 9948 4075 4119 
2 4 4119 1185 11936 10016 
2 6 10016 12297 4397 7280 1302 4379 
2 9 4379 10309 10137 4255 1300 4334 4405 10162 1400 
1 2 10162 12109 
2 6 1400 1285 12204 10232 13554 4401 
3 6 7095 10039 7521 13288 13287 13284 
3 6 13284 13285 1010 4431 13327 6999 
3 8 1010 9939 1474 13291 4041 10006 7279 7101 
3 3 7101 12086 9999 
3 6 6999 13328 13330 13340 13341 4925 
3 4 4925 13342 1367 13339 
3 4 13339 12767 7256 13443 
3 4 13443 13445 10257 13447 
3 4 13447 13448 1976 7418 
1 3 4925 13343 12141 
2 7 13284 13279 8095 12841 13297 13298 1319 
2 6 1319 13300 13302 8023 13313 7965 
2 3 7965 12898 10863 
2 4 1319 12282 4501 13308 
2 5 13308 12008 10075 12075 4075 
3 6 13447 2006 7911 556 5193 2022 
2 5 2022 1985 13451 13453 10724 
1 4 2022 10787 11448 12732 
3 8 2022 12882 13457 12797 4313 6638 7803 2028 
3 6 2028 8102 7971 12820 4843 1838 
3 5 1838 13492 7732 12656 4709 
3 6 13257 10462 13271 4130 13263 13264 
3 7 1083 4203 10064 4158 12036 10079 7085 
3 6 7085 11933 13391 7160 9987 1188 
2 6 7095 4152 10404 12407 12053 12350 
2 6 10863 4425 1082 12464 7469 1492 
2 6 1492 10386 4541 7190 4147 12090 
2 6 12090 1014 1333 12284 10154 1330 
2 8 1492 12404 12449 4626 12256 1417 12127 1330 
2 6 12090 1142 9991 12010 11968 11929 
1 5 13308 12319 4529 4613 10496 
1 3 10496 7075 1464 
1 5 1464 13559 12373 10425 12388 
1 4 12388 12195 10250 7408 
2 10 7408 7225 4433 1244 7292 10134 4302 1324 4639 7376 
2 3 7376 10317 7432 
2 5 7432 4223 12133 1423 4401 
1 4 7408 7367 13561 10411 
2 12 7408 1427 7587 1385 1315 7295 12125 1403 12238 4336 12127 1330 
2 22 1427 12122 12220 4388 1308 10158 1281 12201 4312 1337 4371 7236 1291 7342 12215 1376 10297 4412 7427 4424 10313 12299 
1 5 10411 7353 13555 10371 1488 
1 5 13555 12345 10356 1507 1464 
1 4 7816 10528 1727 4797 
1 8 4797 12540 1810 10562 7713 4818 12691 4724 
1 6 4724 10639 10712 7886 4793 7789 
1 4 7789 12536 4866 7274 
1 6 7274 7825 7687 4806 12679 10696 
1 10 10696 1709 7800 4780 12521 1294 1775 1292 1327 9292 
1 5 9292 7285 12584 307 1821 
1 6 1821 12567 4758 237 11228 7375 
1 5 1278 12117 10329 1233 9292 
1 8 7375 11352 9283 6162 11124 11193 9192 9146 
1 11 1278 273 9349 3348 11389 3328 355 11496 3365 260 6338 
1 7 6338 372 11339 11273 9299 6226 11225 
1 6 9258 11393 11364 11308 6450 3578 
1 9 6338 11243 11356 9373 6312 3334 3269 324 9258 
1 13 9258 9409 6382 6328 6492 433 9564 3539 11485 9436 3582 9504 3529 
1 10 9146 6124 9214 6089 3103 112 3004 12 11340 11375 
1 9 6338 11387 3315 9259 3282 3383 9325 9368 11375 
1 7 3529 498 3439 6463 11579 9735 9753 
1 8 9753 11706 6758 3726 6748 700 6701 3668 
1 6 3668 4463 7624 4458 7495 7661 
1 4 9292 12157 7328 10256 
1 3 12320 12380 1599 
1 5 3653 3656 6669 9702 1599 
1 7 1599 1539 11674 1610 11704 1536 7661 
1 7 6380 301 11362 6316 378 11338 6269 
1 6 6269 9267 6358 11252 9358 11375 
1 10 3134 11117 9201 6181 9162 3008 6029 3189 9195 94 
1 16 94 6021 11175 155 9231 40 9078 6070 11150 11153 11059 70 9197 11068 149 3151 
1 14 3151 6174 6197 117 71 6154 6086 9111 187 3101 3176 333 11250 6245 
1 4 6245 3358 11282 6380 
1 18 6269 6247 3220 121 6101 11166 9188 6143 11213 9131 9199 75 72 9130 3130 6102 312 3338 
1 6 117 11072 3089 95 11097 11202 
1 10 3151 6174 9097 11186 104 4640 11443 11127 11426 3152 
1 8 3152 567 83 3174 11291 9317 9240 9340 
1 5 9340 6222 6342 11246 9262 
1 10 7236 4297 1279 7329 12199 4355 7399 12271 4367 10313 
1 8 9417 11403 3464 6490 6503 9474 6527 3529 
1 4 9417 9430 6493 6474 
1 11 9417 11434 11450 11459 3519 547 3567 3469 11475 3527 413 
1 8 9417 585 9744 765 3752 3734 3760 719 
1 5 11696 9726 9709 6768 3734 
1 6 11696 11678 11633 685 11614 9628 
1 3 9628 670 3672 
1 4 3672 683 6730 6748 
1 5 6380 9348 6290 6396 6262 
1 7 6262 6315 3250 3199 6369 6341 413 
1 10 6380 6414 6348 3377 382 246 6365 9261 9411 9355 
1 5 6262 3292 11242 11368 9355 
1 4 9355 9328 9260 3580 
1 3 3580 6543 3520 
1 9 3520 501 418 9556 6554 9531 3491 3479 6474 
1 9 306 3297 9253 9318 11369 274 3327 3391 6380 
1 8 9288 9342 11229 315 343 3364 3390 3335 
1 4 3335 6411 9384 9355 
1 4 306 223 6354 9289 
1 9 306 3362 6273 6400 6367 6264 11224 9333 187 
1 7 11291 308 6408 9221 592 415 11202 
1 4 9340 10323 7482 310 
1 4 310 6459 3219 6326 
1 3 306 11290 11241 
1 4 11241 9323 6249 6326 
1 4 11241 323 6293 11234 
1 6 11234 248 320 9234 11109 117 
1 12 9131 2996 106 9222 6112 196 3017 11158 9065 3146 6171 9146 
1 14 9131 11189 9207 81 11083 11165 6169 9184 57 70 9197 11068 149 3151 
1 13 9258 6248 6291 9324 6329 232 11227 9245 9273 3356 9313 6333 6262 
1 7 13488 7702 13486 4682 7949 13484 2015 
1 6 4709 13498 13500 1783 13505 12601 
1 6 12601 4845 1591 4224 12511 12583 
1 6 2015 1970 8112 4973 7790 13479 
1 2 12583 4773 
1 6 4773 10603 12640 4686 10148 1459 
1 9 642 13008 12163 12233 7541 10395 12324 1614 12465 
1 4 12465 7618 12491 12333 
1 7 9753 11736 3622 11578 615 464 3618 
1 9 10256 4215 10224 7341 7370 12254 7322 6615 3618 
1 12 4333 7425 1223 7326 4309 1276 12115 10312 10168 7233 4411 10256 
1 8 3578 9432 11421 6502 6339 9365 9243 11225 
1 4 12465 1649 7924 10742 
1 3 10742 1632 1573 
1 7 1573 1623 1554 7501 7777 10601 1459 
1 5 1573 7639 12722 10205 1384 
1 3 9823 9893 3889 
1 5 10913 11249 10828 1963 2026 
1 3 10913 12863 7982 
1 4 10913 12809 12895 2101 
1 5 12333 1521 5029 2000 4893 
1 5 4893 12871 2062 1948 2101 
1 3 642 9453 3618 
1 8 11929 9993 10416 1497 13572 12366 1553 1525 
1 5 11929 13573 4616 10389 12338 
1 5 11929 4162 2843 12050 4245 
1 5 11929 13573 7662 4644 7593 
1 3 7593 4544 4516 
1 4 4516 10751 9973 12137 
1 5 12137 1377 5086 10794 2086 
1 5 10332 12480 10471 4571 4516 
1 4 7593 13574 4204 4245 
1 3 4245 4062 4104 
1 8 4104 12063 10088 10116 12462 11978 10001 10255 
1 2 2086 2054 
1 5 2054 4971 12829 12092 9975 
1 8 3456 10108 4110 1980 10847 4984 1908 2054 
1 5 2086 12868 2002 10772 10887 
1 4 12763 12717 12831 10737 
1 5 10887 9084 8106 10173 12763 
1 6 2101 5075 12761 5043 1179 3456 
1 5 7903 10898 8007 10066 10887 
1 5 7903 10735 7084 10108 3456 
1 3 9975 7207 4132 
1 6 9975 11952 7150 4187 7013 1349 
1 6 7150 11952 11993 7205 10872 4950 
1 5 4950 11995 4953 5096 5040 
1 3 5040 7938 10332 
1 3 5040 1377 12137 
1 4 4950 12799 12854 10401 
1 5 10401 12375 4513 1538 4104 
1 8 1349 10270 12182 10210 12295 7411 10259 10756 
1 5 8087 1275 4280 4237 10255 
1 3 8087 5104 10756 
1 6 4950 10030 7619 10511 11950 8087 
1 6 10756 12779 7310 12180 10278 10149 
1 5 10278 12180 10152 1430 4321 
1 5 4321 7340 7297 4237 10255 
1 5 7265 4416 1381 12164 10149 
1 6 1321 7288 1409 12247 10246 12164 
1 4 10756 4414 8100 8011 
1 4 8011 12734 1344 10278 
1 5 1273 4291 12105 10799 10756 
1 2 2089 5005 
1 5 4731 13532 12657 7763 4725 
4 4 271 221 11374 6103 
3 4 6103 11333 13070 3501 
4 5 6103 9239 6221 6378 3369 
4 4 6103 9239 507 9458 
3 4 3369 9484 9562 540 
3 3 3369 6378 377 
4 8 6103 9239 11221 296 9322 3353 9250 11297 
1 4 3369 6378 7239 9297 
4 4 6103 9239 6270 9297 
2 6 377 3241 6301 3301 3205 6384 
3 5 6384 6318 9315 11382 11297 
4 4 9297 11345 6237 9315 
2 5 6384 6335 9285 219 11218 
3 5 9315 9379 9332 11270 351 
3 4 351 11299 11378 9392 
1 5 11218 9350 6350 9237 6395 
2 4 6395 3273 9383 9392 
1 4 9383 6385 11306 9075 
1 5 9383 6300 3150 11136 200 
2 4 11293 3359 3242 3379 
2 2 3242 385 
2 5 9303 11287 11238 369 3359 
2 5 11293 7377 285 11237 7394 
3 6 7059 10074 3857 1156 4159 4014 
3 12 9904 11846 923 9826 819 955 851 3968 10027 3901 12066 9990 
3 3 3968 9856 11837 
3 2 11837 11998 
2 3 819 11803 883 
3 4 11837 9784 6843 883 
3 9 883 6939 3966 6831 9838 925 967 9924 782 
3 10 9904 11751 6862 6875 11833 6946 6973 6788 3772 11891 
3 4 9904 9794 11790 925 
3 4 6862 9750 9879 9907 
3 4 9907 1616 6985 6606 
1 2 782 6606 
3 4 6606 6793 9582 11584 
3 3 6606 11734 603 
3 3 603 3604 11584 
3 5 6788 3773 6790 9752 6606 
3 2 6790 3780 
3 4 3780 773 3776 603 
3 5 3780 9584 658 661 663 
3 6 3780 607 6635 636 9618 9620 
3 5 6788 771 11723 11730 6780 
3 4 3780 11726 776 11730 
3 6 603 9598 11598 9630 11618 673 
3 9 11584 628 6626 599 11564 591 11901 3943 3924 
1 5 6891 9772 11824 11874 11773 
2 3 3924 11816 6889 
1 7 12559 3664 12569 12638 12261 675 4805 
1 5 5427 11643 10215 10521 12189 
1 3 9897 973 6806 
1 4 3843 6838 11750 3977 
1 4 3843 3815 10519 5427 
3 3 7523 3947 11744 
1 7 9883 927 11850 6905 887 9885 11771 
2 8 1645 4506 4876 10612 7812 12469 1508 1499 
3 5 1645 10379 7652 11744 4572 
2 4 4876 1588 1847 1267 
1 4 4731 10678 7851 7873 
2 3 1267 7832 4725 
2 6 4876 1502 4745 10638 4655 13533 
2 8 7816 10658 7751 12641 4677 4719 10575 13533 
2 6 6928 3981 3852 6922 959 6822 
1 4 11977 7175 4126 10110 
1 8 11977 1100 9936 1148 11958 848 10083 6928 
4 7 9660 11679 3716 9692 9539 6739 11666 
2 15 9660 684 699 11659 3696 6711 3694 676 711 11672 11655 9701 6706 3076 687 
2 13 3663 660 6695 11605 3645 6667 11592 11608 646 679 6700 684 9660 
2 4 11672 6747 723 3707 
1 4 3707 11686 9683 6727 
2 2 3663 9617 
2 6 9539 3484 11539 581 3550 3581 
3 3 9660 6703 701 
2 3 9692 6720 701 
2 4 701 682 6685 11610 
2 3 6700 9621 619 
2 6 11610 9608 619 3617 11787 9606 
2 2 11608 9606 
2 4 9606 614 3614 11586 
2 7 11666 9661 9648 9646 596 3654 11581 
1 5 11479 9468 6522 466 3581 
2 8 949 3971 3952 3819 6842 9769 649 9783 
1 5 687 9635 657 11597 9783 
2 7 9617 6658 818 11588 793 3971 949 
2 5 9783 9919 9902 922 9833 
1 6 719 11668 6741 9680 6704 3686 
1 6 11683 737 568 3722 705 3686 
1 4 11683 3738 11670 6727 
2 7 11767 3884 9914 9780 9809 9821 6889 
2 7 11767 914 9805 9916 11895 1205 7211 
2 3 7211 4078 11965 
2 17 9833 6895 3879 3893 11905 11774 9930 3936 11818 10163 3844 3973 3864 976 1109 3988 4109 
1 6 9805 3914 3980 966 936 10163 
1 2 3988 7127 
2 5 949 935 6857 3526 11818 
1 3 12058 1164 9940 
1 2 6550 8435 
1 2 7193 11984 
1 4 9932 975 11894 11881 
1 7 6995 3967 3982 979 11883 11866 904 
1 5 3653 7454 11753 3714 9932 
1 4 6935 12376 4583 12320 
1 4 12320 6997 4755 1896 
1 6 11586 9599 3956 3922 6913 9809 
2 4 11581 624 9588 6983 
2 3 6983 6957 3924 
2 6 3971 11868 9602 11887 11583 11586 
1 11 1071 11910 10061 11967 9989 7079 10120 4136 1130 9992 7082 
1 6 7082 1204 4151 12094 10123 11954 
1 15 11954 4120 1127 1198 4057 12088 10117 10046 4047 1041 1118 9980 7066 4194 1149 
1 3 9608 9595 9588 
1 10 11479 9558 513 474 6520 9554 6232 3203 6319 9288 
1 6 6520 9493 6593 441 3543 525 
2 7 577 3743 6571 3548 9706 6735 11659 
3 3 3384 395 6332 
4 4 6332 6402 3380 389 
3 2 362 389 
3 3 6375 9398 395 
3 5 6375 9346 6347 3295 279 
4 2 389 334 
3 2 334 279 
3 3 279 11232 388 
2 2 388 9252 
4 4 334 11288 11260 9252 
4 3 9252 9387 6236 
1 2 388 3532 
3 3 11467 9511 9570 
3 4 11467 9457 6512 9570 
4 6 573 3514 11517 6534 3545 9570 
4 3 573 514 6441 
4 2 6441 11545 
4 3 6441 9428 6521 
3 5 321 293 3258 11444 6521 
4 6 11505 9496 3572 6595 552 9570 
4 3 6236 3473 9496 
4 3 3532 444 3572 
2 4 9387 537 6390 6282 
1 4 11372 9361 9277 537 
4 3 6389 6257 9347 
4 6 9347 9320 9294 11219 375 6521 
3 3 11360 241 3326 
4 3 3326 3271 6377 
4 7 6377 526 9375 3522 9456 3499 6521 
4 5 9347 6325 6298 6218 526 
4 8 11545 3535 9497 11404 586 3571 3299 9515 
3 3 9515 3705 708 
3 3 3705 692 9652 
2 2 11620 673 
3 5 9648 9679 9650 6691 688 
2 4 11620 9652 707 688 
1 7 525 11557 582 3584 6605 559 11504 
1 4 11504 3557 11397 418 
3 6 6488 589 6568 9517 11499 708 
4 4 11545 6582 425 3561 
3 5 6488 3397 6549 9524 3561 
3 6 6488 11560 3558 9503 6529 678 
3 3 11531 549 9503 
2 2 11467 6464 
2 20 688 6708 9665 732 6723 6552 11525 569 3569 6562 3583 6464 506 9427 11413 442 6499 11507 536 11479 
3 5 11666 6739 3718 557 3569 
3 8 732 543 11556 9569 11542 9429 11401 3514 
3 6 9569 9421 6418 3585 9471 3535 
2 6 9262 6314 3288 348 11265 6332 
2 4 3384 6407 3272 6296 
2 7 11370 11216 9236 6413 3320 327 6296 
2 6 11370 216 6292 3350 6373 6319 
2 3 6292 342 9289 
2 10 3544 524 402 290 11301 347 13206 3393 9274 3320 
2 6 476 3457 6509 3483 491 11479 
2 7 476 9481 6497 9465 11438 458 488 
1 9 488 3468 6478 9433 11437 453 486 3466 6474 
1 4 525 3494 11454 488 
1 5 11437 6423 11561 574 11683 
2 5 3544 467 6416 11430 9427 
1 4 6416 3458 6511 3544 
1 7 474 3412 11441 9452 6484 3559 3458 
1 4 577 3407 6455 476 
3 3 9620 9638 678 
3 2 663 9638 
3 6 673 9636 6678 6680 11623 663 
2 4 9617 674 11636 3076 
3 7 11360 11318 9335 6336 3314 68 3211 
3 4 11318 9309 9403 9363 
3 10 673 11634 3675 668 3674 3673 11612 9596 9627 11564 
2 2 3675 688 
2 2 3654 9596 
3 5 701 3683 11627 11630 9648 
2 7 9599 797 11741 11899 11872 6942 6957 
2 2 3694 11605 
3 5 11834 911 3928 9909 11891 
3 7 11834 11849 11877 9898 6960 3946 9853 
2 14 10024 4098 962 6959 6906 9896 6817 3873 6966 6812 9764 854 9824 9853 
2 11 10024 10109 4065 11956 1176 7068 9979 7153 4135 13228 1048 
2 6 1048 4080 9815 12070 6880 3790 
2 5 3790 3866 980 970 11805 
2 10 11805 3861 799 6924 9817 11673 6734 9689 6955 758 
2 16 758 3761 6764 9719 13218 11707 6749 9703 11688 740 6756 743 9710 6777 6621 9737 
3 9 9737 11565 9597 6657 11600 11616 11465 9510 6536 
3 3 6536 3758 3552 
2 4 1048 7183 1178 875 
2 7 875 3871 6832 6800 13224 6914 3938 
2 6 6906 3799 888 11742 6879 3938 
2 6 3816 9813 11793 11819 899 6766 
2 6 3816 6878 11766 9785 6993 3938 
2 5 3871 950 9828 832 888 
2 5 3938 977 3820 9846 11825 
2 6 11825 4024 3920 726 3729 11707 
2 7 13233 11852 885 9870 11806 13227 977 
2 11 3938 3794 939 794 11756 9839 3969 11885 844 11768 11805 
2 9 980 6933 9819 11851 11798 931 3930 6948 6832 
2 7 9817 724 6941 877 6907 13232 9846 
3 4 6766 943 6917 3946 
3 5 11565 9717 929 3749 6766 
2 4 743 11697 11699 929 
3 6 3230 6401 3381 17 6558 3532 
3 2 3230 6347 
3 3 3230 6259 3544 
3 8 3544 11492 9508 11428 9546 11558 3283 9570 
2 4 9483 6229 9357 6296 
1 3 9483 3354 6314 
2 5 310 11358 11342 9295 3320 
2 4 9288 3568 489 525 
2 9 11877 9728 11716 6786 6613 11794 648 817 3652 
3 11 9597 595 625 620 3621 6648 11576 9607 3594 11593 11794 
3 7 11593 9748 590 6789 752 11702 929 
3 4 9898 6962 11709 752 
2 4 752 11718 3771 620 
3 18 3211 9498 3262 11419 6598 6560 6446 575 11548 9500 3476 11420 485 9434 6599 11535 3579 6449 
2 4 9510 9495 9550 3579 
3 18 9434 11563 6569 9523 11506 11518 11549 13011 3546 3560 5291 9559 6583 11407 6537 11519 13068 11419 
3 6 11519 3516 9536 3576 11483 575 
3 3 6598 516 9536 
2 4 9536 11606 3447 11549 
3 3 11531 9575 11470 
3 4 9559 11516 3629 11531 
3 8 6780 611 778 11573 6639 6668 3646 9642 
2 3 6613 9590 6639 
2 7 911 956 3961 6975 3764 9745 6780 
2 4 3764 9736 11713 9728 
3 4 9642 6698 11642 11516 
3 3 9620 9622 3646 
3 10 9523 9725 512 6533 9492 3671 11596 3659 9631 11600 
2 7 3659 11613 503 3495 3523 553 6599 
2 5 553 3534 6547 9507 512 
2 3 11465 9867 503 
3 4 512 11491 3506 9490 
3 5 9490 3533 6531 11488 11642 
3 3 3652 680 3533 
3 2 817 9642 
2 6 3506 6518 11611 3655 6651 3621 
2 2 512 6518 
2 3 11611 9609 9607 
2 3 11596 651 6651 
2 3 11596 11869 625 
2 3 648 9625 9609 
2 6 9517 6555 11529 11544 9416 11404 
2 4 9429 583 3553 3569 
3 7 6389 317 11251 3277 6364 6235 394 
3 6 317 11366 332 399 3206 6235 
3 7 9279 6345 6287 6393 3260 3325 11251 
3 6 9279 11376 6120 11160 11327 11215 
3 9 11215 363 6148 11390 11380 9308 11082 161 6050 
2 18 6050 6209 11278 3182 11091 3045 11147 11040 9151 205 130 9088 182 118 11067 9220 9143 9108 
2 10 6115 3171 11151 171 6310 383 3307 6412 9362 6345 
2 8 9296 11176 9096 6151 11029 9204 9103 6115 
2 7 6115 9157 11135 9135 9227 6118 3022 
2 10 9151 9035 3108 9154 6129 11049 3111 11118 9139 3022 
2 4 53 6176 11367 9296 
2 5 53 137 3192 65 122 
2 10 6115 11078 3007 9138 11114 3141 11044 6084 9209 9308 
2 7 6084 11197 156 9173 9051 125 9151 
2 14 9108 6165 6125 9147 11125 11164 11081 158 11121 195 66 3172 11065 3122 
2 8 3122 6013 3009 3025 3137 9167 6144 11105 
2 7 11105 6009 204 3161 3061 6186 9206 
2 4 9206 9100 9150 3151 
2 4 11105 6108 9194 3083 
1 14 3137 9160 11033 6141 11144 9219 11199 3125 11079 3149 3073 6045 9158 197 
2 3 11905 11842 922 
3 4 6377 3395 405 11388 
2 2 11388 9509 
3 3 3512 6469 587 
2 5 6488 9486 529 6570 6469 
3 5 68 391 6241 9363 3512 
3 4 9509 6535 495 6469 
3 3 587 9522 6537 
3 3 6583 11435 11470 
3 3 587 3547 11470 
3 5 6282 3312 3207 11505 6521 
3 7 9660 6561 9537 6573 6586 6604 466 
1 5 12656 10614 10545 13489 13488 
2 2 3839 11771 
2 5 9781 13523 3934 12478 1499 

### 西日本地区 ###
3 9 9950 7110 10020 1025 11985 10052 1092 11946 7212
2 4 7110 4164 12006 11925
1 3 12006 1183 4102
1 4 11925 10092 7046 4179
### 日本两国连接处 ###
3 3 7212 13543 12031
1 3 4179 9965 7072
### 东日本地区 ###
3 9 12031 11960 1067 10125 10100 12072 7087 7157 1182
3 12 1182 4188 4100 7016 4118 1024 7169 1165 11847 6870 9859 6994
3 2 1182 9998
3 2 7072 11960
2 4 7016 1113 4122 1117
2 5 1182 1097 10128 4069 10032
2 4 7072 1051 12097 10125
2 14 6994 6873 9865 1063 4067 11930 1117 12007 998 10032 7102 13542 1136 12031
1 3 13542 1067 12097
1 6 10125 7187 7217 10128 11908 1113
1 2 4067 7169