1 94 
1 117 
1 121 
1 187 
1 191 
1 197 
1 200 
1 241 
1 279 
1 306 
1 310 
1 321 
1 362 
1 385 
1 413 
1 418 
1 495 
1 573 
1 577 
1 603 
1 619 
1 642 
1 650 
1 663 
1 673 
1 692 
1 701 
1 814 
1 846 
1 853 
1 883 
1 930 
1 940 
1 1010 
1 1066 
1 1069 
1 1082 
1 1083 
1 1086 
1 1088 
1 1125 
1 1145 
1 1188 
1 1267 
1 1278 
1 1319 
1 1321 
1 1384 
1 1408 
1 1445 
1 1453 
1 1459 
1 1464 
1 1492 
1 1499 
1 1500 
1 1509 
1 1519 
1 1525 
1 1562 
1 1567 
1 1573 
1 1595 
1 1599 
1 1645 
1 1747 
1 1827 
1 1836 
1 1838 
1 1866 
1 1874 
1 1896 
1 1900 
1 1939 
1 1944 
1 1965 
1 1984 
1 2008 
1 2015 
1 2022 
1 2026 
1 2054 
1 2055 
1 2086 
1 2096 
1 2097 
1 2101 
1 2123 
1 2152 
1 2171 
1 2206 
1 2229 
1 3010 
1 3134 
1 3137 
1 3273 
1 3326 
1 3335 
1 3513 
1 3520 
1 3529 
1 3535 
1 3548 
1 3561 
1 3578 
1 3580 
1 3618 
1 3668 
1 3672 
1 3706 
1 3732 
1 3734 
1 3775 
1 3778 
1 3780 
1 3786 
1 3843 
1 3854 
1 3957 
1 3960 
1 3992 
1 3996 
1 4052 
1 4073 
1 4075 
1 4076 
1 4104 
1 4108 
1 4111 
1 4132 
1 4144 
1 4171 
1 4185 
1 4245 
1 4302 
1 4321 
1 4333 
1 4379 
1 4510 
1 4516 
1 4569 
1 4574 
1 4619 
1 4709 
1 4724 
1 4725 
1 4731 
1 4740 
1 4773 
1 4794 
1 4797 
1 4799 
1 4801 
1 4860 
1 4872 
1 4876 
1 4889 
1 4893 
1 4925 
1 4927 
1 4950 
1 4963 
1 4965 
1 4987 
1 5010 
1 5033 
1 5040 
1 5103 
1 5117 
1 5121 
1 5199 
1 5210 
1 5230 
1 5231 
1 5427 
1 6103 
1 6245 
1 6262 
1 6269 
1 6282 
1 6325 
1 6326 
1 6332 
1 6338 
1 6377 
1 6380 
1 6389 
1 6469 
1 6474 
1 6488 
1 6521 
1 6606 
1 6665 
1 6710 
1 6711 
1 6732 
1 6748 
1 6780 
1 6822 
1 6845 
1 6855 
1 6876 
1 6882 
1 6890 
1 6928 
1 6935 
1 6968 
1 6984 
1 6999 
1 7011 
1 7085 
1 7095 
1 7097 
1 7101 
1 7109 
1 7125 
1 7132 
1 7137 
1 7138 
1 7144 
1 7150 
1 7191 
1 7265 
1 7274 
1 7315 
1 7375 
1 7394 
1 7408 
1 7418 
1 7459 
1 7476 
1 7500 
1 7517 
1 7571 
1 7586 
1 7588 
1 7593 
1 7602 
1 7661 
1 7789 
1 7791 
1 7797 
1 7803 
1 7816 
1 7873 
1 7903 
1 7908 
1 7921 
1 7936 
1 7965 
1 7980 
1 7999 
1 8011 
1 8021 
1 8032 
1 8034 
1 8087 
1 8113 
1 8140 
1 8182 
1 8189 
1 8193 
1 8214 
1 8215 
1 8216 
1 8222 
1 9075 
1 9131 
1 9146 
1 9258 
1 9288 
1 9289 
1 9292 
1 9297 
1 9303 
1 9315 
1 9347 
1 9355 
1 9392 
1 9450 
1 9503 
1 9515 
1 9517 
1 9570 
1 9606 
1 9620 
1 9628 
1 9660 
1 9671 
1 9692 
1 9693 
1 9713 
1 9753 
1 9814 
1 9823 
1 9834 
1 9843 
1 9850 
1 9883 
1 9897 
1 9904 
1 9907 
1 9942 
1 9943 
1 9956 
1 9982 
1 9990 
1 9991 
1 9999 
1 10005 
1 10016 
1 10040 
1 10043 
1 10106 
1 10159 
1 10255 
1 10256 
1 10332 
1 10337 
1 10362 
1 10400 
1 10401 
1 10411 
1 10412 
1 10418 
1 10447 
1 10496 
1 10611 
1 10696 
1 10697 
1 10717 
1 10724 
1 10730 
1 10737 
1 10740 
1 10747 
1 10756 
1 10765 
1 10830 
1 10837 
1 10860 
1 10863 
1 10877 
1 10886 
1 10887 
1 10895 
1 10912 
1 10913 
1 10924 
1 10929 
1 10935 
1 11114 
1 11202 
1 11218 
1 11225 
1 11234 
1 11241 
1 11291 
1 11293 
1 11360 
1 11372 
1 11375 
1 11531 
1 11610 
1 11654 
1 11696 
1 11746 
1 11747 
1 11853 
1 11865 
1 11913 
1 11928 
1 11929 
1 11969 
1 11976 
1 11977 
1 11987 
1 11999 
1 12049 
1 12051 
1 12062 
1 12064 
1 12071 
1 12090 
1 12137 
1 12141 
1 12189 
1 12211 
1 12320 
1 12333 
1 12338 
1 12350 
1 12357 
1 12364 
1 12381 
1 12384 
1 12388 
1 12465 
1 12473 
1 12489 
1 12501 
1 12559 
1 12583 
1 12586 
1 12589 
1 12601 
1 12620 
1 12727 
1 12732 
1 12735 
1 12758 
1 12763 
1 12782 
1 12790 
1 12798 
1 12800 
1 12806 
1 12862 
1 12883 
1 12942 
1 12964 
1 12989 
1 13240 
1 13256 
1 13257 
1 13264 
1 13271 
1 13274 
1 13284 
1 13291 
1 13308 
1 13418 
1 13419 
1 13420 
1 13443 
1 13447 
1 13479 
1 13488 
1 13512 
1 13514 
1 13522 
1 13525 
1 13533 
1 13573 
1 13584 
1 13597 
1 13619 
1 13630 
1 13644 
